[[0.    0.001 0.01  0.012 0.001 0.002 0.001 0.001 0.008 0.    0.001 0.01  0.448 0.332 0.042 0.018 0.057 0.006 0.015 0.009 0.012 0.007 0.009],
 [0.058 0.    0.045 0.003 0.    0.    0.    0.    0.    0.    0.    0.    0.445 0.216 0.039 0.    0.105 0.    0.037 0.032 0.021 0.    0.   ],
 [0.639 0.031 0.    0.    0.    0.    0.    0.    0.    0.    0.    0.    0.144 0.021 0.01  0.    0.021 0.    0.062 0.072 0.    0.    0.   ],
 [0.12  0.    0.    0.    0.    0.    0.    0.    0.004 0.    0.    0.08  0.431 0.071 0.098 0.    0.062 0.    0.    0.04  0.067 0.022 0.004],
 [0.021 0.    0.    0.    0.    0.064 0.    0.144 0.    0.005 0.021 0.    0.298 0.144 0.027 0.    0.17  0.037 0.016 0.011 0.005 0.005 0.032],
 [0.129 0.    0.    0.    0.029 0.    0.    0.038 0.    0.    0.071 0.005 0.195 0.248 0.081 0.    0.038 0.143 0.005 0.005 0.    0.01  0.005],
 [0.232 0.    0.    0.    0.    0.    0.    0.    0.    0.    0.    0.    0.089 0.071 0.    0.    0.    0.    0.571 0.018 0.    0.    0.018],
 [0.188 0.    0.    0.    0.146 0.    0.    0.    0.    0.    0.    0.014 0.194 0.181 0.    0.    0.226 0.017 0.003 0.007 0.    0.    0.024],
 [0.304 0.    0.    0.    0.    0.    0.    0.    0.    0.449 0.    0.13  0.043 0.    0.    0.    0.    0.    0.007 0.    0.    0.007 0.058],
 [0.015 0.    0.    0.    0.    0.    0.    0.    0.175 0.    0.    0.015 0.479 0.149 0.01  0.    0.067 0.    0.005 0.    0.026 0.031 0.026],
 [0.243 0.    0.    0.    0.021 0.193 0.    0.    0.    0.    0.    0.    0.136 0.007 0.093 0.    0.236 0.014 0.007 0.036 0.    0.    0.014],
 [0.028 0.035 0.007 0.    0.    0.    0.    0.    0.    0.    0.    0.    0.222 0.028 0.021 0.007 0.507 0.    0.014 0.    0.    0.104 0.028],
 [0.284 0.061 0.    0.033 0.026 0.016 0.004 0.015 0.014 0.034 0.015 0.029 0.    0.071 0.044 0.016 0.102 0.039 0.032 0.127 0.013 0.006 0.019],
 [0.196 0.043 0.013 0.009 0.003 0.028 0.005 0.021 0.005 0.007 0.003 0.011 0.076 0.    0.101 0.054 0.204 0.109 0.081 0.006 0.001 0.001 0.025],
 [0.183 0.059 0.002 0.087 0.017 0.02  0.002 0.03  0.002 0.026 0.033 0.    0.144 0.229 0.    0.    0.046 0.009 0.052 0.046 0.    0.006 0.007],
 [0.517 0.028 0.011 0.125 0.017 0.    0.    0.068 0.011 0.006 0.    0.    0.017 0.102 0.028 0.    0.023 0.006 0.034 0.    0.    0.    0.006],
 [0.197 0.085 0.021 0.011 0.009 0.061 0.011 0.016 0.    0.    0.054 0.    0.167 0.246 0.027 0.013 0.    0.011 0.027 0.011 0.007 0.01  0.014],
 [0.186 0.024 0.    0.003 0.095 0.03  0.    0.382 0.003 0.    0.003 0.    0.03  0.166 0.009 0.003 0.047 0.    0.012 0.    0.    0.    0.009],
 [0.06  0.034 0.037 0.034 0.003 0.    0.008 0.    0.105 0.063 0.    0.    0.259 0.228 0.024 0.003 0.055 0.003 0.    0.029 0.003 0.    0.055],
 [0.049 0.013 0.    0.    0.007 0.    0.002 0.    0.    0.    0.    0.002 0.49  0.1   0.145 0.004 0.045 0.002 0.029 0.    0.02  0.08  0.011],
 [0.116 0.067 0.    0.073 0.    0.    0.    0.    0.018 0.018 0.018 0.    0.226 0.055 0.043 0.006 0.098 0.    0.006 0.03  0.    0.22  0.006],
 [0.014 0.    0.    0.041 0.014 0.    0.007 0.021 0.007 0.014 0.    0.    0.069 0.    0.028 0.    0.007 0.    0.    0.338 0.441 0.    0.   ],
 [0.076 0.005 0.005 0.011 0.076 0.022 0.114 0.043 0.011 0.    0.011 0.    0.217 0.114 0.027 0.    0.141 0.005 0.065 0.027 0.016 0.011 0.   ]]
